104132
95827
727612
171561
711255
-796988
-814264
62526
426964
167506
155383
-315460
-551565
-96042
238921
724875
265022
475121
877567
-179325
603297
-826651
-711223
-120389
621617
-553093
-316256
-337500
-622343
-123772
365405
27384
739548
-439009
100710
432959
-694343
85831
701995
-64803
-465934
873294
-834225
-102388
-638574
360977
971783
88839
-189983
-282919
727551
917057
933558
-476540
266670
-391612
924183
-34478
481950
995057
384935
-557887
274097
278321
444995
-216719
-622152
-127874
-371249
-759080
-458173
399016
-385873
369172
272298
-325038
979765
-566355
429102
-70691
-716613
-544326
-171258
-328491
-592811
-111124
808510
971758
-499076
-310372
-460659
-553275
-448650
97085
-764489
-692388
476016
-748041
367563
352080
-300308
-202319
932007
-909323
680528
278503
-414912
-874640
2081
387601
37916
-267694
-64561
697168
487214
437010
-142790
-997285
99503
247873
-188659
-393493
-290147
607643
38710
535371
-758842
-385482
623633
581723
-424314
-315886
89478
751039
-117374
-718130
709256
-616524
485805
-367089
-897762
-8835
