55977
-55479
25808
8104
34271
-59579
50160
-49150
46271
-53335
46105
24610
67416
21742
-90060
-40957
7854
8277
-27407
-6660
18255
14030
-12847
211
20635
65624
14473
-82236
-8186
-43146
22784
8580
-9336
2624
94895
67237
-61311
-79039
-16551
-20552
7853
79576
-45940
-140
27268
98601
14941
64754
-59822
-33440
-72281
57398
49857
-29457
31294
-84073
-19821
829
-61074
43731
9107
-54430
39208
-14340
3880
34344
64476
-90445
-66462
83625
50260
-37345
48416
30572
95221
-83400
43305
82674
-39819
-84063
23947
-42591
68828
90199
-30795
73437
-86967
27308
-90446
1170
-13058
-48740
2641
-24820
72169
93932
-95677
-49374
46053
-14192
-15322
-93290
-39980
49608
35824
-14276
-74926
12962
96139
-57298
-97415
