41604
-7042
49545
29847
21394
-4247
-25845
-10392
-63319
98949
42027
66461
80246
74094
-92834
-25879
64245
22923
-49792
-89892
-84790
-87461
-45132
94004
83700
-77804
74725
90521
92349
-55048
-15544
-74031
55905
70320
-91510
39980
-55625
-62794
67311
3774
17959
76688
-65100
-57121
-39769
27436
51493
-50936
-72195
-9825
-55414
82166
-46989
-8737
-45576
-7745
-34925
43474
5501
-43051
47354
16694
75091
-11392
-87970
-15869
78712
93358
45068
47687
-24887
-90651
15023
17248
-5347
17343
-5930
-10658
64250
-28469
35191
826
45532
-17015
-48501
-1177
62898
79457
24272
-47148
-61674
-79182
57380
-76515
21723
-89608
62984
47483
43934
-53140
39330
-26263
29605
6825
4741
-25729
-85697
74920
33862
-90169
12885
72781
7519
-87774
-66885
-48346
-60954
89373
93131
-22449
-31545
-537
-57924
19435
91384
85084
97809
-17589
84690
36995
78159
-50114
-41131
-80309
75127
46131
26776
49364
4610
15201
-27316
-93137
19498
3645
51938
-87239
-46469
34343
58808
-47408
68227
680
2388
64342
-54441
-72053
31048
-57111
-26463
-90018
59205
-69163
68031
97130
29699
-88350
23517
-62204
-78077
-1520
-60046
-21149
87922
-80232
-86848
-28943
80775
-13500
-9003
-3314
-71150
49042
-194058
