42655
31892
15166
-56360
59966
38845
-75753
14306
-64372
37252
71302
-51892
53026
-70735
49820
-38284
-23821
-19884
-6909
84009
22861
23031
-43556
-55959
7760
48712
26197
-90142
-4457
40332
-23044
39137
60143
-59049
6206
24717
88045
13973
-53359
92117
-73192
11904
43062
11857
78962
-95551
-91534
-23380
99880
-58417
89802
87744
-73856
77114
51764
71058
-16438
55897
-47067
-6580
-37444
-36904
43746
72185
-42321
20498
-91737
88352
-64728
-1957
-99846
4024
12490
-87699
-68745
-8826
66293
82459
86499
92914
-16287
-459889
