81311
44922
-98429
65140
75374
-41353
52559
3807
97729
19072
44443
-92352
20202
68028
89552
-41464
86150
-27430
-69884
28894
-32107
-68134
67461
75300
-20752
-18833
-27229
-91801
57369
57355
-17938
18021
-2619
-31645
30400
22475
-69098
63174
-91448
49697
69575
-76251
90641
88900
-51373
-82442
-54568
-58145
32012
43067
-39545
57676
-50059
46899
-44094
-80426
-79608
1814
-6814
-12246
-944
78923
76796
84515
-94954
89205
-19590
41141
-98721
34471
-78171
-25349
89589
25285
-57857
-6335
91457
-61625
93583
83247
-58309
-40480
-97812
-85819
82910
79949
-22545
86973
-69070
809
4754
90276
-43657
-94025
69191
-63758
19808
-201
48327
54838
-65893
-25943
69324
-49189
-48341
26579
95753
44053
-59041
6773
-25800
-71154
43371
52483
5269
-59058
442
-2123
-93500
75124
-58938
-66004
-55831
-64876
-62025
-60334
17117
-44683
97953
-40267
70930
23903
14120
-60930
94632
35329
7705
37908
52596
-53828
-14570
-85908
5327
88667
93609
-64449
90432
-3007
78158
-11899
86811
67027
-59403
-10352
67595
-25600
43708
72604
1967
38729
39483
-19816
89869
77046
-545
-55945
1138
61278
11165
93216
-72223
-83829
70566
-64663
-20907
64473
-20850
30256
55785
9024
-31622
35100
50686
-24027
-43663
93358
-7487
-75888
-56633
-28133
-94652
35760
80177
-31915
86427
-31778
11598
-17142
-10588
-19645
-79349
-64464
75670
40028
-15068
-64186
3618
65499
66
-92053
-63644
91346
-48536
-53975
91482
75293
32329
-46275
81365
85589
-46056
-33355
-78141
-86827
-93264
-23764
-73247
1340
-54019
45786
-39369
34600
-79900
-61176
-58072
-78651
55785
-72540
91300
-86107
-70233
-75998
-51785
-53172
-46669
32028
7017
49845
94293
-9880
15235
-56569
-91596
18421
-17964
-32351
60667
45384
-43160
-27486
67620
73380
33280
93320
12134
-38382
-63592
-76536
-50174
-95931
92797
81741
22618
-37848
90430
-95819
59854
-7276
75074
38944
-32662
-31394
50120
-46385
78796
79165
87347
98268
39033
-24420
-59088
-19499
-2636
28420
-65157
71222
7604
67114
-81020
-45895
-46010
91032
13793
-68605
-53678
57562
-87331
28438
-68921
-76894
92006
22276
-21503
-92308
-29773
66038
-65852
-91596
51487
-30143
61332
60100
-79046
33824
9815
45869
-36975
-32177
-80544
-78780
44253
-61562
41008
71442
71544
-39558
-79590
9728
-78208
-43276
73918
74245
64738
-45067
88548
97193
83999
32171
-87324
-64350
46825
-99850
33178
63985
-46788
-83472
40409
-95530
96376
-29455
48570
-2057
-57936
-31726
-74821
-63539
2907
-2254
-45682
73190
652
-17403
69385
78196
60066
-5237
3589
-52083
26976
44246
17781
48651
-38313
85447
49945
-97645
-418786
