90323
-9950
-40030
14241
57760
42995
-30101
11408
16043
116
53154
99341
-62987
-3964
50191
78846
25472
-50758
51849
80237
-89887
-47915
-81081
-53374
12153
2455
17006
-1913
2267
9760
-62921
85767
-773
-94223
-90166
-46700
49876
-18716
95068
-20708
14446
-18216
-57458
2076
79337
-82988
8964
85544
-13140
27811
-32449
-90842
16923
87321
-69725
10983
81642
-21552
25895
-29214
23611
-20136
-1434
-25136
-33011
76453
-78554
-62997
38182
-68118
38429
-41494
32936
-31711
97126
89611
53223
67852
-4905
-12938
73136
96817
84684
66422
41114
79113
-23508
71434
-72455
32087
13438
36230
-64980
-83897
38221
16100
-66597
-639867
