13459
72905
-52782
22088
607
49718
-79256
97563
59894
20057
50236
24431
-4484
-1587
-90639
19308
34038
-72262
-32526
-97378
86891
50974
-44225
39421
-23091
-33243
-66912
378
-26588
82035
-40871
-2658
-17148
60558
-48256
54663
63290
3525
-28730
-11331
4527
74467
90514
-27545
32929
-54863
85224
88876
78851
-74523
19438
-32705
-31511
-16003
99778
88702
-33002
35069
75036
-44798
41707
-12291
40352
-60168
77629
-10861
-57738
58204
-72041
23038
24274
-44799
-24081
-2505
67985
-35791
26598
-3586
-2060
-75821
-2829
-83249
-77158
-68012
99088
49155
29067
36022
-288
-92797
-20164
-3685
-75689
-31442
-83303
-85181
54952
-16510
-54745
3945
73734
69032
-75874
-22149
48713
34966
64446
75499
-17084
-59422
-17647
-23922
-69502
-45147
81424
24289
11306
28751
65975
12037
-59814
66930
-42168
7735
93899
-37178
35471
-40735
691
-38353
67556
6508
-56305
-97867
-37791
81532
85522
22902
85761
92247
69489
27521
68055
74809
61909
-95754
46401
-29310
35620
-168
-87660
50735
-50090
-40497
23338
-93587
71245
28396
78205
-25314
25340
9286
48669
50126
-3765
69315
47508
-22455
-58057
-63893
-2608
26151
-76938
35390
52604
44631
-63287
-53282
-48828
-92119
-80343
-38692
-13732
22583
27312
-17528
8354
-57390
-25106
-93647
-84438
62191
-65030
-39427
69192
11602
-16744
96528
-51325
-49990
-38553
94505
10027
67663
53659
79155
64484
91019
93848
-24956
38434
87706
-97228
-98997
75565
32499
-78188
-79107
6184
46074
86327
35839
63750
5013
48650
-41787
76872
-69107
-59617
4661
-99242
15806
96670
75770
-14178
-39306
-75810
81783
83893
36798
30026
-41426
49892
-11970
-96935
-27891
-53353
70537
-8172
-61480
-87737
78459
-22036
-43304
-7355
24100
11220
-68679
83654
-977352
