197
7809
-5289
-2712
9736
-1384
3989
-7012
7031
-8836
-2826
5562
-2972
-1001
-1899
1851
7457
3658
-5019
3465
8450
-6281
4878
-389
469
-3088
-7024
-3291
9251
-3378
8065
-6818
4501
-1330
-4920
-6627
4026
3389
5545
9501
-4330
-3237
3789
-6289
-1195
-5952
-2458
-4586
-538
7015
6224
-6230
4631
5558
-2922
5924
3783
-6150
3104
-857
-961
178
1988
664
9604
7679
6907
-6080
-9337
-1115
983
514
-2761
3414
5557
-5594
-2051
-2942
-3722
-9180
8791
4525
-1292
-4628
-7956
2551
-9406
2931
-8284
1747
9581
8268
-7968
3149
-3393
-4407
4018
-3401
-9835
2196
2375
2919
5419
-6008
-6814
-276
2584
6239
163
-7965
9303
-6874
6033
9339
1002
6653
-8737
-7243
-8082
8617
8586
6583
3012
-9742
4177
-702
-8103
-303
9657
-4228
6716
7741
-8180
3912
1652
7801
5311
-1827
2985
-3276
-7265
-5521
1477
897
8586
-8303
4084
6482
1660
-969
-7813
-6150
156
5820
172
3261
5963
-2179
-821
-2667
9515
-268
8784
-1151
3829
-7040
916
2836
-3767
3533
-8365
441
-4544
3084
8466
3698
-1931
5285
-7632
8756
2399
6480
2727
3928
-2471
9868
9225
-7434
-1077
-360
3826
-2958
-6056
-8250
3087
-3902
6670
4214
-3615
9712
-4816
-3217
-4310
5533
5985
6305
-5187
-9817
-3711
-2984
-5145
-5651
-170
9233
-9086
124
8979
6292
71
3801
-4453
-8794
-8211
9033
9832
-7634
-585
-8088
6648
3543
-5287
-4402
-441
-4295
-5795
6630
-5735
1910
-774
-2245
9555
-48
7663
1967
-5395
8591
-4558
153
-123
-5385
-2003
8349
7492
4272
-4938
2217
-1125
-80467
