7018
-6573
3988
-253
6697
-2975
843
-996
6242
-9071
5843
-1442
2480
-9005
4320
5757
-4407
-6280
3094
-4895
7870
8298
8683
-4898
9051
222
3235
-1992
-448
3795
-1476
-3905
8573
-5297
2441
6358
-5329
-5340
-1720
-6096
2929
-1905
-2260
-5939
5115
-2660
-5427
1373
4721
-1710
-7184
-9281
3629
1404
-4090
6863
-6308
9615
936
956
4646
6348
-1487
-9203
5024
-245
816
1317
-9981
-8207
3155
-169
6297
-4085
3647
-3208
8246
-6378
-1967
-2813
8317
-8974
-2399
3666
6602
1480
-6193
9881
584
9524
-1733
7593
-6293
-4449
3330
486
2238
6544
6128
7080
8674
-1394
-3785
3090
454
3277
8634
609
-5684
2312
-3469
-2341
1312
5701
9651
4620
7710
915
-3291
9106
-1398
7529
-2961
-2627
-4875
7174
3167
-2951
-5031
-9368
-2810
-80302
