6317
7289
-7749
8457
7337
-3080
-2308
8087
-9505
8832
-7867
-9016
8149
2613
6359
-5384
-3484
3331
-4610
-3442
3708
-8387
4877
7323
-3891
8737
130
2277
-6028
7585
-3312
-3250
1925
8778
-5150
-4005
-6690
2502
-9813
4697
-2381
-3334
2548
6612
-2570
3982
32
-6562
1881
-4170
70
-3413
-846
-1413
2111
9386
9752
-2357
5990
-8626
-665
-7102
5101
2660
2700
2440
2962
-3014
-5887
9624
2101
-9785
-5517
-2106
-6260
2640
-1198
-6594
5450
567
8299
-6871
-5073
4696
-2038
-1340
-1097
7148
2695
4350
3733
5508
1544
-2618
5273
-2417
9592
2067
2414
-4419
-8764
5585
-9875
-5887
9259
8403
60
8044
-45419
