99693
-3590
85782
-82255
17631
-6805
-85064
60366
82110
61200
-72423
-10218
-43361
62124
-8108
55198
10677
19833
65461
-5595
87424
-93655
46837
-54042
-21320
89557
33316
-88242
55533
94469
-57878
62824
-55516
-15953
7511
-10381
31001
-13797
-83862
83904
89802
-3188
94417
-35972
-6183
15233
-40333
55128
-6424
-47750
-12622
80483
89874
-54175
14369
78344
54320
51546
-22222
97577
-5986
31139
30355
-11829
-55749
58111
14797
15125
-49880
65609
52192
70112
94949
99661
26926
-86349
-35608
-59104
-39926
3473
-84146
-12251
-92180
11551
63590
44060
43193
62005
-84782
-97196
20228
35495
-916
-84491
57293
51906
-21886
-71858
-2648
56120
-54436
-41716
-33100
-79897
92413
85655
-88749
50060
27430
1481
15383
53452
-1428
-26786
53869
-42001
18765
-78879
-65061
-31501
47999
91641
74492
-37172
-78738
5208
-30653
-70191
85208
31899
43415
-49544
-98683
-80720
-93721
-47960
66020
-26997
68320
-44083
82513
13567
46117
-29782
-21026
28603
20614
14700
-17436
-8755
84271
-92522
-93458
85622
-66234
-41127
-78924
-4263
-99053
93910
-84099
-98767
21413
-12749
16259
45916
79836
-74183
7322
-9128
-79850
50864
-2054
64572
-50077
18979
-99025
-10058
-64540
-18992
-49703
32380
-6060
43603
9371
-73011
-22793
-86703
22182
13100
6627
-88433
-63388
-53071
42860
-26596
8014
71128
23396
-69462
87611
-62628
-22105
-40628
17719
-8784
4514
-31566
69927
97892
76793
62415
13582
-89250
-85402
54684
81616
-52419
67068
45394
-76800
-20564
10445
-27729
-67845
-96061
82198
-88557
97521
-73816
-11228
15458
3634
-97287
56734
55586
9118
64539
99876
49847
-79476
72771
82387
-9513
97169
-49469
-23252
39975
46012
-70979
83792
-1421
-15638
-83450
-44770
-97191
-70935
-22003
-11845
-21705
-30432
-18110
-33568
37884
-97726
29109
-12606
37676
1726
94497
-79040
-50482
82163
-1082
-98770
40033
58484
-95201
60373
78500
11978
85032
21041
58146
-15908
-26551
36050
68527
7535
19710
458
5469
51623
82541
94788
9782
78031
-81643
-72754
8518
-7725
44012
62925
15504
36150
-77177
-63120
78759
-69688
74812
-9872
55286
-21411
98635
-8413
-28696
-38583
-31083
91529
-99983
17210
-94836
95468
-47129
-90037
-50487
-31203
9512
9288
3744
-57504
721
97675
-78265
37182
13526
56477
-87817
39483
68890
-80863
99981
20318
17941
-73843
-42238
82109
68843
-74751
-2610
-50586
-88828
98332
-65289
-24033
-41705
97574
7098
3991
-69711
-33869
52933
43221
-2228
63711
-93705
59510
32779
19624
54183
-61722
9051
25010
-17855
-650720
