91320
-34761
-50742
46209
50396
-50129
18126
-66355
71023
-4626
57976
97523
95716
-20407
-72479
-25577
13365
51170
12452
-59114
-29114
-34695
40275
64409
-15430
-21903
52177
49591
-31275
-44112
12505
5700
-1350
-24770
-80829
-28575
80365
26923
-47981
-73257
-48825
42030
-8871
-47903
-4899
46156
42901
68405
50696
10248
85599
85154
94363
-68650
13861
-39585
-41188
-16824
71982
61900
-19716
16334
57958
99044
99063
98896
-67554
-80883
-20267
33283
-85435
71954
61731
18158
-57213
-20597
-86965
-93198
-3258
-18034
72078
-89284
-85827
14234
20106
-75813
83558
-18297
-24405
29239
-36949
-29055
-95996
8511
49486
33564
56876
72414
19310
-76743
-87647
-61739
645
65137
-55267
69100
65606
-442433
