8246
6965
-3897
6928
6267
-1920
8132
674
9320
9802
-6241
-566
-5246
-4388
-5207
-1202
-3793
-1353
2614
4928
-3429
1763
1374
-681
-9565
7396
-7596
2
7375
-7742
2855
7086
1819
6243
9018
-4578
1626
-754
8229
-4583
-856
57
4718
2992
-4411
-3977
5450
-9830
2674
8126
-8691
-6208
4649
-8359
-1658
4786
-5245
-1818
-8804
1598
-9254
1657
-202
732
-8636
1426
9016
918
-6441
420
4335
1520
2555
-6536
8674
-1273
4497
3691
7864
4261
-9503
-6582
-3415
-730
5202
-7444
4068
1394
5289
-5834
1687
2116
-6793
3164
5905
4892
-93
-8502
3977
-9264
-5946
-9590
1005
8537
-2733
9463
-3776
-8086
3028
4209
5486
1070
-7811
2763
6978
-4078
-4779
-5637
-7971
1890
9101
1095
-6707
2839
7591
-1485
-2501
2127
-5223
-2149
-6853
6656
4874
-8176
149
4501
-145
392
110
-9816
9132
430
6398
-4841
7230
-6785
3574
-1844
2217
4991
8155
6867
-6615
5098
489
3759
-5197
6476
6295
-9335
3634
-6792
1456
-345
-5076
259
3283
1309
-9358
-9112
7210
-9729
-7749
5755
4931
-7370
7282
-9162
-71
-510
2316
3063
7791
-3792
844
6503
-3151
-3639
5195
456
6348
7445
-2369
-7053
-7585
-5070
8385
1231
2105
5923
-4151
1743
624
2949
-8679
-3333
8979
6491
-7142
9344
4133
9182
6547
-5931
1243
-33
-358
-6160
-1618
9844
2845
3372
4455
4122
1874
4929
-1403
1977
-5828
568
-7470
8642
5933
-5790
9081
-994
6827
-8835
5456
5341
-3227
1663
-7704
2432
8945
4058
8854
963
-2261
8675
1272
2302
-6549
7002
1170
2749
-3037
2382
-827
-8468
-1883
3012
7162
-5121
-1291
5614
-6851
8995
6890
-6506
-6391
4744
-2419
-2082
8802
2278
-5101
-3191
-2350
-7198
7754
-2026
1831
-6474
-6076
-3183
-3008
1509
-9214
347
2551
9857
1786
6143
-6042
8290
-8657
8827
-1369
-8889
2319
-8697
3908
247
-7192
4734
8730
-5984
-5764
-7332
6229
4415
-1971
-383
8898
6743
-8370
-1886
6950
-4249
-3759
-4017
-2492
6701
7762
3830
-8932
-8532
-6088
8226
7820
714
-4329
2461
-5856
-7391
-6840
-3662
-6716
-4951
8946
-2130
-5881
2961
-4585
4818
-977
6298
5051
-1136
427
5318
5452
2187
-1229
-4357
9132
9071
-7157
906
-5332
7935
972
8250
-5024
8468
1619
-5628
-3409
-6061
-6014
1295
-6187
-3648
6388
8299
-7702
826
8528
-5970
-7351
4637
-2421
-9400
-8608
6822
-8696
-6644
-6128
-1105
6305
-1737
1023
-2260
6848
8443
3800
-5763
-8298
-9966
-2465
-2789
5442
-9504
-9855
2045
2044
-6606
6019
9337
-50982
