8477
9011
-7554
-9727
945
5287
-4645
9594
-1958
-4781
5905
2298
364
6171
6516
4564
-754
7370
-5456
-3852
-6226
2919
-9878
-9774
-583
-2531
4578
7511
-7263
-4342
-1804
9451
-4245
1168
840
-4806
-2359
75
9534
-4557
6158
-4993
5844
-5546
-3663
9786
-5608
-1537
9298
-3641
-8806
3886
8275
-6549
2750
8999
8224
2270
7565
-7855
7428
-1050
-7657
-6732
6658
-3405
4130
6777
5766
9685
6051
379
-9631
7072
-5646
-8511
564
-3006
-76
9898
-8300
9021
5962
4463
-4804
-1264
2511
-1278
-4273
-7332
-7914
-2969
7272
-2939
7484
-9971
-4920
4302
-9189
8432
-2845
-5996
5105
6940
-7170
-2912
-3479
-4868
-1770
1386
-4811
-2231
-77
-10600
