2396
4260
-2259
-364
6690
7674
3091
-3572
8273
7927
5971
9521
4425
-4223
1467
-6743
7497
-7810
9427
3749
-7628
1297
9491
-4282
-948
-8506
4978
-7920
-2615
-3329
3976
2952
-6476
4862
9839
1428
-4509
-5342
-7607
-2567
-8139
8098
-1877
6068
7977
4354
-6568
5805
5612
9567
-9897
-4722
6366
-6544
3750
-4069
5100
-8484
-5798
1306
-3065
-39
-4156
-5977
-4101
4792
-1699
-7237
-4730
-3417
-2072
-8537
4852
8871
2929
-3259
-2228
975
-6303
-4562
7123
2623
-339
5942
-6923
849
8815
-3109
3288
4281
7856
8760
3332
-2327
6006
-9424
7626
-6825
-602
-1841
3835
1936
711
-9793
8364
-9871
-9412
-7531
-3408
8460
4366
370
1764
-4370
9666
6864
-9895
8831
-3546
1073
-9004
4262
7266
6972
1707
8648
-873
-6679
-9051
-2447
-6377
-5657
3067
-1258
4094
-2329
3480
1177
-3667
-5612
-2612
-5439
-111
-65
8462
8167
3639
6817
-3884
4841
7240
-2432
-1351
-4380
8338
-5869
-2274
6071
-162
3515
5883
352
6221
5110
7444
-8395
9084
8375
-7312
2226
-6209
783
8186
1635
3436
-5051
-4730
-9357
3080
-9570
-1819
8361
-1418
4570
-6391
9
3281
4363
-5647
773
-5695
-8942
8597
-5150
-6418
-8513
-9137
4263
-8294
-8810
173
-9806
3051
-2516
-3055
2349
-9945
643
6514
-3318
-743
4569
5793
-3964
-8060
4212
-6146
1504
-3053
42
9057
-6702
-994
1919
2847
5936
1297
1951
-472
3323
-695
-1729
6862
365
-4910
2097
-2755
-7097
5200
-4965
56
4964
2645
8550
2236
-8942
-3300
-1531
884
-3769
5540
651
-8017
-7415
5387
-3877
-477
7295
3659
-1131
3616
7780
-1222
8910
8436
8534
6928
-1686
4514
3633
6015
7450
8620
5577
4852
-2890
-2675
-1612
-3048
264
3366
226
-7936
-2298
-4783
-215
7180
-5431
3912
8684
-854
1618
-1588
-7977
-5865
8492
4286
-1997
2005
3755
9153
4684
-3503
-9318
-9242
-6166
-8303
2404
-3744
-9755
-9988
8436
-6925
-9508
6759
7084
-9558
2813
244
-8480
5917
-1521
9645
250
-1275
3445
-2380
-7796
7341
-3593
8653
-7343
9778
-4979
-3506
3946
-8088
-4647
6272
9105
3856
7686
-1771
7986
-5928
9612
3471
-6342
6703
6797
-7845
-5877
-4757
5389
-277
4789
5523
-9403
-5135
-3380
-3071
3389
-4828
-5981
1686
-6095
2142
3834
4167
-5572
4699
3764
8173
1166
5363
6809
-6449
-5005
-191
4564
-4933
4662
1772
-2045
1288
5639
-2962
-8134
-7216
193
-5221
6568
-1910
-6810
483
4853
-4741
-295
-4989
5501
8236
7340
-717
-1679
6572
-5451
-6972
-193
-8511
-5644
-2326
-7556
-2138
417
-3762
-9954
3095
-3014
-7284
7920
4044
-1386
-5407
5777
-6078
7068
-9987
6579
8726
-4990
-8916
4030
8979
6395
2870
-380
8926
-4667
-343
5300
-9066
7561
-8707
-6885
2892
7500
6196
-8332
6139
-5171
-8064
9512
-210
3288
6874
5817
-4252
-1399
4289
-8097
7166
3465
2319
-517
5445
-1638
7516
-3802
-9821
-1411
557
-5079
8460
-2690
32
4052
7657
2112
5720
-9825
480
5814
-6052
-6751
7493
-9290
-1099
-5938
4613
-991
-4346
-295
-8319
-3093
3118
9547
6282
4824
-1992
-2428
8316
7148
9520
-7121
2665
9905
-3041
7830
4253
-5472
-7150
-4756
-4038
-1126
2117
-8331
-122
-2302
3993
8827
1409
-4807
2335
-6614
4313
8500
5341
-3651
1633
-5096
-6823
-4963
-5478
6941
7327
4418
-5893
-3742
1673
-4197
3843
9555
-6607
4791
730
8279
7948
-8632
-5558
7466
-1653
5568
-3812
6598
-70
-6447
-1232
4659
5002
1289
-5346
-2404
-5675
-4705
41
-9314
8135
-1106
1231
-2632
4711
-826
5345
-8987
-2251
1318
2324
-8991
7640
-4010
5275
-2834
7482
-1942
5638
-4746
6579
7243
795
5272
442
1931
9106
-3036
-1068
6517
409
-2306
7957
-4357
8128
-4860
7270
-3666
389
5435
1719
-1938
-682
-853
7246
-4643
-1694
-9181
1433
8441
-8950
-4770
1815
8683
-9469
6971
5661
2952
1621
4626
7549
-8570
5089
-9873
9093
6620
2796
-2939
-8068
-7973
2403
-4701
4468
-9429
-990
5280
-1863
8493
-9025
2404
3743
-3085
5495
8645
-9759
-9744
-1780
-2914
5094
4283
7672
7915
-6373
-9620
5921
-5447
-8944
7371
9471
2036
7761
-5218
-6753
-4111
6052
-4370
-2632
-8948
-4520
2657
5118
-7437
9253
-1192
9281
5550
6466
7244
-6882
-7358
-2697
-2420
1551
-9239
-3257
2400
-7564
8836
-5920
9128
-8498
6207
469
-9078
883
1525
-2093
-1449
7715
-2484
9848
9514
-3978
9004
-5475
-2099
4138
-569
7764
-4019
-4986
-9687
-6150
-4164
8237
5784
8445
-8298
-9288
6737
-9472
8818
-1870
-1225
5777
-3309
-9779
679
-3907
-2676
2058
-469
3103
5479
5561
1880
-5007
-1969
-3038
2432
-5063
2789
8036
2296
5250
506
-7137
-4898
-8464
7022
1281
-2509
307
-7819
1299
-2102
-6583
-1371
5045
-1882
-2375
6818
1320
1682
-1761
-7859
767
8908
6679
-7633
-1028
-5668
-8184
-8998
-1974
3808
9946
-3667
5806
207
-9215
-3927
587
-7429
2177
5348
3143
-8294
-2076
658
-2696
-4813
-4771
-3729
-1673
-1535
-4391
-6065
6404
2238
-2854
2968
686
-6581
-3233
9223
3608
-6477
-9131
3865
-8680
5056
-7951
-66677
