2359
8538
5942
5613
-877
-3169
-1697
2541
3415
-6017
-6881
2618
-9675
2971
6707
6094
-8245
-2013
-4862
1448
-1360
-2384
4141
-2917
9782
106
9831
1307
762
-8140
-431
-4586
-1082
-7525
-435
781
9416
-1657
-2859
-4906
2989
-387
-3540
920
948
9206
443
7951
-3326
-4591
-3113
-3024
8557
8367
9734
-2086
3812
9684
2244
-1353
-5980
-1910
3614
2226
4088
-8184
1242
6857
8192
-26
-7039
-4832
5443
-8132
9651
-9177
-6747
-2486
-4396
-3474
4581
-9015
3593
9771
-9730
1478
2760
5002
-9694
-2060
-1596
8773
5719
7678
7212
2488
-4526
-827
-6968
922
-8432
5180
9075
6257
4574
9043
-7700
-2966
-4697
9272
-969
-3100
6555
-6646
1913
-2491
6840
386
-2623
6174
4595
4518
-8359
-9313
1775
7591
-9378
-5705
-4987
-1762
-3558
-4798
1825
4894
6293
9772
5036
2157
3468
-8645
-9556
-3482
-7140
-5691
-834
5496
-1589
9215
4008
317
5543
1761
-7014
8757
-319
-1904
369
9298
4197
9552
-4328
-423
9304
-6230
-5638
-7065
3447
-9580
603
6735
455
9950
-6365
3511
7302
424
2897
-9331
780
2416
3174
3578
-7008
8127
-25
1083
417
-3735
-7697
2868
-1657
1641
-5580
-3518
-1684
6787
-7196
-7343
-1667
-5207
-8509
-1015
37
5007
9596
-2099
-1628
3364
-9026
-6771
4744
2830
-9377
6952
2839
-4175
-4940
8573
874
3598
7900
-2713
8571
-9773
-4584
4142
5243
1640
9627
-7094
-6491
-1710
3677
741
2505
-6252
6491
7435
-3382
-8138
-3446
113
3135
-8347
8300
-847
1517
-5307
3381
7955
-6029
2163
6443
4313
7087
-3721
-2184
-406
2
-3027
3849
-6553
5647
6351
-5305
-6058
5553
-5368
6274
-997
6402
73
6160
-4266
-9426
6483
8995
-3417
-4063
2564
8128
3460
5043
1616
3978
-6370
1306
6642
4231
-4253
8035
3370
-2334
-9419
3686
-7761
-6392
767
129
1901
2476
4027
-8691
7422
3354
8554
7387
-1881
7620
9129
3408
3718
1998
8219
-2699
7781
-1436
-6578
-5462
-5235
1222
8429
4842
-8282
-7410
-1112
-8907
2728
6513
-9192
2478
8651
4346
8843
-2405
703
-2796
9173
-6388
-5408
-1790
-1792
-3367
-5747
-9653
-4246
-6040
6659
6016
1750
1873
8479
-71
3128
9964
-5604
3691
3581
-2892
8667
-8394
9982
5821
-4437
-7262
-792
-2664
3827
-4448
-6012
911
-8914
-4834
-4693
5769
-3464
3249
-7952
6634
6331
-1630
-3159
-140929
