1144
4002
-2846
3112
2325
-2316
1055
144
-2040
-887
3832
-7358
8789
-6424
521
9989
7685
3113
-3204
5212
5534
-1156
-5360
-418
5138
-4084
-5051
4597
3408
953
-4167
-8179
-9285
6171
-6202
-3621
-2627
-296
6625
8980
-2648
665
-8618
2310
1390
4030
5061
3684
-3677
8317
8847
1503
-5543
1504
-3590
6612
-2380
5436
526
-2160
-9352
9772
-7605
7843
2542
-5013
-1318
-6257
-7793
2574
1337
-5463
-4914
7740
-5283
-7936
-1099
-410
5162
1202
1740
-9044
2011
2287
-4842
5221
1077
7991
9574
4963
9801
-4984
2282
5877
7822
5165
8169
-2722
-979
8899
66
9602
-2038
6054
1138
6183
7119
9900
-5218
32
-8879
-1441
-5295
-2297
-5151
1147
-5617
1594
-6951
-4083
7128
-7104
4648
-1716
4798
-7566
-3564
9272
-5462
8861
-2971
8780
3609
3853
-9735
-7469
-2638
-370
-9215
1564
-5863
-3798
3115
907
-7635
3347
3088
-4499
-9343
-8740
-8673
1492
1192
524
-7215
-2875
1020
-844
-19882
