9495
5395
-5068
-6158
475
-1036
8500
-8022
9739
8704
-6016
8700
5933
-3019
-7479
6527
-8082
-8976
-3833
2079
-3548
7507
9192
-6632
9128
-2566
9750
1757
101
-6046
-2006
-7378
3206
-1129
-5318
-7530
896
723
-3595
-1590
1368
-1589
-1367
5649
1086
-3647
9848
-8585
-1627
1697
5665
-5011
-38
-5083
2873
5519
6322
7947
2361
7826
1457
7606
1104
9916
-2390
3083
1653
6195
3935
3494
1695
336
-3680
-1466
-3393
-8710
4519
2926
9341
749
255
139
-5600
-5751
2896
-8054
2392
7266
-3659
-8362
6748
-5265
-7213
2899
6800
-6700
9675
8290
2942
-1318
8949
-1203
-1200
-5949
-2040
2655
1251
5528
6050
-84785
