2824
4785
1670
8684
-1840
8723
-8959
-5400
-1408
-2029
7075
1848
-8807
-3158
5776
3303
2497
8344
5288
-2768
6755
4244
-1360
8765
6165
-6479
-9039
-8596
1877
-1034
5390
-8824
-7521
8244
9694
-8960
-7394
-5438
-3500
-2655
7562
-6795
-1637
321
-769
1427
-5157
-441
8923
-7669
7999
-9761
-279
4347
-336
2916
3346
797
-5606
3045
6126
3273
-4364
331
150
550
-4529
8161
3615
-4000
8103
2154
-1062
-655
8378
-219
-5203
2096
-6101
-953
-6717
-7179
-721
-4035
3072
4097
9507
1221
-4796
-7011
-2958
804
1230
8389
-2242
462
-6430
-7346
4486
-5197
7124
-7781
9070
6340
369
6342
-6739
-3991
-7124
-6683
4286
-3762
-837
7534
-54
7079
-528
5819
4466
7074
-4665
-1240
9240
9911
-3623
64
-4125
-281
-9629
8452
-6549
-1714
-4532
-5408
7110
-909
4577
-5453
2961
-698
-2879
4922
5731
1806
-3765
-9519
-1281
3453
-5072
-8209
-4970
9253
3170
7302
-2997
6218
-9025
-1807
-9937
7435
9335
-6162
6100
-9742
-1718
4163
-16800
