420
720
242
138
-7
650
-754
511
-245
-604
337
-780
-68
676
-987
179
211
-87
869
283
515
475
878
665
143
-193
877
-959
364
-941
-509
-930
712
84
-742
-210
-48
697
861
-7
-322
-567
578
569
664
-718
-546
351
-751
761
-525
379
533
699
-145
22
446
741
-838
-974
13
658
854
75
-528
-85
569
756
-348
55
178
733
-91
196
-929
828
609
632
725
148
179
261
604
-658
46
-423
41
258
-172
73
-631
-548
927
778
499
156
-651
-132
978
-919
94
288
900
-487
-944
456
994
736
-456
650
-291
911
411
-948
-380
820
-222
713
458
-558
-118
265
736
-277
344
151
-609
-787
450
-828
-195
-579
-842
3
-449
-455
-807
295
747
81
-143
167
955
567
798
351
-545
-436
933
163
-740
-501
-763
760
-257
467
809
-893
74
-192
103
-201
-472
-261
667
-312
52
864
-612
742
-68
-170
45
-426
616
-975
-677
-562
361
-179
889
313
-658
-630
414
-476
333
-713
963
542
58
203
-144
263
460
-692
514
-467
-412
811
523
447
-296
-350
740
447
604
-940
91
236
-701
347
87
-811
190
590
-939
-744
148
-871
-858
517
651
591
-411
-985
98
114
-636
918
-485
36
700
829
298
104
653
-245
691
-467
616
84
468
-277
-347
688
-961
-345
194
-261
274
-45
-198
339
-670
793
-645
-474
-10
-759
378
-555
540
-577
580
-861
-558
-968
-8812
