347
4
979
-356
-449
93
-162
-142
601
117
-78
656
-979
-615
32
503
-1
18
775
250
846
-959
724
-229
-261
-180
-749
-425
582
866
-502
-810
571
-170
380
-751
354
332
349
25
-195
953
700
832
-775
-621
-20
155
-74
-945
175
17
584
720
903
-557
991
-685
-144
366
-586
-434
-952
-817
-100
949
-436
-322
-925
-284
425
881
-349
-8
277
-183
-369
170
916
722
-105
383
-519
614
-459
203
64
-254
917
349
-351
907
-429
378
765
209
-382
-985
813
-653
-456
745
-520
387
-692
-825
115
-566
45
-462
837
394
786
601
-443
-462
-520
418
-816
-71
490
651
595
799
371
-84
-973
232
530
-540
-551
-754
-992
-768
-277
-387
865
71
-615
-940
726
76
980
-198
412
231
550
-958
-210
880
-747
-582
184
-243
116
-95
471
779
264
-359
-210
-810
527
-12
-89
842
439
-752
-693
723
-690
759
463
900
274
-233
297
-240
2
-123
938
-874
-571
-281
-387
-892
370
-793
438
-849
-559
855
-458
253
810
471
190
228
-223
165
42
-278
740
646
-288
332
8
393
-582
785
-197
959
-519
496
280
827
335
459
716
-540
174
-693
-245
-82
-63
670
632
173
435
212
-542
977
-293
-195
-787
874
229
-480
-781
651
119
-388
834
562
-542
809
-410
123
-83
697
-165
-357
-618
-145
462
-676
-17
461
-511
722
-127
275
-840
-60
491
-334
284
51
-427
-462
-751
-902
126
756
447
741
-846
-627
-900
-884
-419
636
294
814
-163
-65
756
285
404
-459
-508
978
959
64
641
16
850
658
649
-542
-436
835
305
910
-196
7
742
-495
987
-237
555
603
506
-625
470
60
-385
955
847
57
-970
-723
-988
585
-529
371
495
353
169
654
-623
-193
-367
492
713
564
525
306
313
951
756
642
670
829
834
-73
35
622
268
463
824
525
647
248
12
819
-971
-980
-559
324
-435
-127
705
-376
19
-718
-323
-347
-507
-991
-317
-306
-549
272
-262
-250
766
-581
-20093
