99995
54580
-87814
25893
895
50600
66134
-85211
30524
-66285
-40693
-28194
7839
91897
84628
43108
78269
38787
35334
-38328
-57797
37556
51692
-26767
-14215
85063
60899
-11291
-95289
-34474
-46970
-75543
-71184
-7999
27787
-84057
86435
26110
27427
-92852
21038
23004
92822
12996
-7216
-30745
-96543
68353
-75596
-1294
-15048
90593
35191
11265
-30245
11675
-54279
-10133
19408
89949
-71199
4410
55930
76594
84777
-8902
37204
9598
-26998
-64504
-3269
-17129
85428
-90811
-15375
-60549
-49933
84809
93257
-31570
-57429
29545
27093
56491
22929
-93410
-1995
60324
42652
-15372
-44221
-97955
18051
-70913
-67863
-44942
-156437
