50707
62605
78890
12266
36719
51954
-45320
-53360
-14761
-75005
-45367
89620
60238
-14369
20227
-83357
15223
59616
-13188
-76929
54415
-37514
-78836
-22617
69881
28987
74868
-90723
75908
-98187
-31584
-38433
86097
7696
-5531
98901
-24108
-75542
12980
31549
28635
-39354
-47681
87953
55605
-78587
-57247
22632
-51831
66850
-9863
-16729
4552
86795
67763
-85464
82487
-27241
54727
16508
-40408
16157
52358
-10543
90650
65647
-36025
49749
90804
61831
64617
31903
74785
-63734
-37480
-17163
15640
3144
27414
-59660
-32715
48587
28831
-72204
33806
84634
64973
74520
11356
-92989
65328
49822
95011
-9914
62504
-93870
43136
57235
39866
61035
66251
-56574
4951
82581
-84201
40214
49355
-70578
-26805
-33291
-65931
62479
-7248
3338
-9914
-28788
-76219
-50830
56165
92311
66211
-23734
1928
30767
-41877
-65833
64087
96829
-4877
36643
52734
58915
70643
-86356
42055
91289
83392
-75721
14506
-69602
51181
-6489
-95431
58257
70288
-87577
85362
-59358
-8213
94418
67183
-78355
569
-7600
35804
82065
-1316
95409
46763
-27737
31832
41311
49877
36589
-33739
51038
-34450
59060
-39801
2624
50344
5274
-57364
-4424
-1551
10247
-98498
-54691
28285
10186
-48670
-40531
-79873
25418
26900
-46529
29306
17244
28652
-33904
97812
-10079
-49822
-86649
-78257
-60229
87128
-1648318
