3280
1125
3031
5824
-5096
-6354
3639
9686
1662
293
-4341
-2742
1606
2478
3368
-6546
-2384
3052
-7704
5634
-4104
-2815
3308
-4707
6692
-593
1802
-6543
2411
5609
5737
5968
5683
8732
2716
-9563
-794
1249
2998
-1122
-5506
-8639
6680
-5292
-5396
9420
9283
-8774
-3774
5813
-4446
-7691
-2669
-9010
6057
7151
-3967
-3233
7888
541
-9199
-7337
9849
3090
2193
3695
-6017
8598
-5285
4506
9365
-6284
1483
-9532
548
-112
882
-5466
7085
-5345
-1487
-1130
-5187
4346
5899
4858
4671
-4302
-3767
5897
-2246
-6023
6668
8837
8129
-1078
-2373
-7360
-1581
-1628
-9156
-908
4718
-1907
1207
3182
6750
6555
6715
-7272
-126
-3792
-5503
-3607
-8495
-2546
-1887
-2881
3922
-213
-2683
4969
-6996
3326
216
-7640
3286
1352
-1602
-180
5584
-4768
-4082
7577
1754
5848
-4218
6920
-5435
3219
2228
-8554
-2153
9792
5035
-1777
-9918
329
-3247
7613
5466
-4905
-4690
4160
6911
-5514
-8769
9685
9836
7937
4853
-1634
3664
8029
4291
-7019
-7288
8782
7572
-4416
9037
-4122
-568
7038
-8375
6174
4714
9494
-5516
8649
-7721
699
-9033
1702
5832
8965
5290
-9899
-6193
2138
-381
7374
1717
5962
1244
-3567
-8772
-764
-9092
6951
53
-427
-4744
4294
-6035
1308
5604
6731
1738
-3582
5613
9625
-9698
-3250
6318
8536
3478
-4646
3255
-6696
-7852
9140
-795
-4412
4929
-8851
9854
4974
-9441
253
7094
-9283
-912
-6313
-6455
-9548
8992
6503
-6974
3281
1531
1592
6457
2166
-4969
-5139
1872
-6349
-6732
-2195
-9046
6771
-8052
-6958
-3347
3290
3094
-7484
-6713
5934
-4432
-7741
2159
-9332
-9353
-4336
1366
-679
7010
-7782
-2652
112
8091
4640
-3682
3719
-3979
-6095
-1307
-2007
5753
5530
-1014
455
6649
8375
-5298
4872
5799
6773
5081
6847
-8005
-5243
-1165
-692
-2206
5633
-1483
5738
9946
-4676
-7953
-3616
-2457
-2723
-7409
-410
3202
2245
-2772
-1655
-5770
7155
578
659
9285
257
5399
-5930
-2874
-8480
5887
-5219
-6654
-355
-1282
8954
2136
-6876
-2888
-984
-6248
4551
4713
3949
1191
-707
9298
-505
-3039
6106
-237
5424
5712
-5707
3141
-9374
-7875
-5382
-3576
6010
464
6055
6742
-5498
-2897
-7735
8912
-8489
6702
-310
-420
-642
5601
-9409
7729
7249
-6206
-3949
9575
-6782
-3912
1284
3520
9385
-4572
-3389
-656
-9868
-9401
544
-626
41
-469
-2069
-1009
-3835
2155
-1741
-3992
1356
5852
4391
-3443
-9737
8613
-3099
-4018
-195
4916
-313
-165
5432
-4499
4271
9076
-7623
-1116
3372
7342
-1560
7728
4416
-1754
2453
4134
-4133
-8383
3179
-3088
2185
8172
1257
9679
-9441
-538
74
2182
-9295
542
8770
1706
1341
223
-2910
-2893
7055
-2379
-9294
2543
-7821
5586
-961
5514
-4219
-2318
2801
6211
-1049
-6051
9346
2756
7295
-2791
4568
-7979
-5433
2236
7626
6758
-4811
-4544
-5408
-265
1830
8560
-2187
2224
-2417
4874
7017
1368
-1753
-5625
-6220
4789
3464
9488
3492
145
4
4059
9544
-8909
2444
-7745
-9282
-6731
-2735
-6024
4765
-2543
-9338
2447
6427
8152
9649
8346
-4544
7323
-2213
-3103
-1935
-7139
2832
-6135
5458
-7615
-7926
-3840
3503
-4939
-106
-5426
820
5099
-2704
3376
-46494
